Aatrox 10730 4.72 5.35 5.43 16521 29973 166.32
Arhi 11307 6.49 5.09 7.19 20443 18965 166.83
Akali 10937 6.9 6.34 4.98 16580 23110 154.19
Alistar 7331 1.74 5.47 11.52 6741 20739 41.93
Amumu 10183 4.29 5.24 9.26 12693 26530 33.02
Anivia 11656 5.45 4.27 7.10 18302 23823 181.53
Annie 11101 6.85 5.99 6.93 20457 17503 154.44
Ashe 11944 5.93 5.67 8.91 18767 17556 173.06
Aurelion_Sol 10252 5.29 5.08 7.85 16753 20437 157.00
Azir 11545 5.61 5.68 6.34 20199 18833 177.24
Bard 8589 3.12 5.83 12.07 1194 16849 20.43
